year,quarter,unemployment_rate
1971,1,3.8
1971,2,4.0
1971,3,4.166666666666667
1971,4,4.366666666666666
1972,1,4.5
1972,2,4.466666666666667
1972,3,4.333333333333333
1972,4,4.2
1973,1,4.0
1973,2,3.766666666666667
1973,3,3.6333333333333333
1973,4,3.466666666666667
1974,1,3.5
1974,2,3.6
1974,3,3.6666666666666665
1974,4,3.7000000000000006
1975,1,3.9
1975,2,4.2
1975,3,4.6000000000000005
1975,4,4.8999999999999995
1976,1,5.2
1976,2,5.366666666666667
1976,3,5.433333333333334
1976,4,5.5
1977,1,5.5
1977,2,5.5
1977,3,5.633333333333333
1977,4,5.7
1978,1,5.633333333333333
1978,2,5.599999999999999
1978,3,5.5
1978,4,5.433333333333334
1979,1,5.333333333333333
1979,2,5.3
1979,3,5.333333333333333
1979,4,5.433333333333334
1980,1,5.7
1980,2,6.133333333333333
1980,3,6.8
1980,4,7.7
1981,1,8.6
1981,2,9.366666666666667
1981,3,9.799999999999999
1981,4,10.1
1982,1,10.366666666666667
1982,2,10.533333333333333
1982,3,10.699999999999998
1982,4,11.0
1983,1,11.233333333333334
1983,2,11.333333333333334
1983,3,11.5
1983,4,11.633333333333333
1984,1,11.766666666666666
1984,2,11.9
1984,3,11.766666666666666
1984,4,11.666666666666666
1985,1,11.533333333333333
1985,2,11.4
1985,3,11.300000000000002
1985,4,11.300000000000002
1986,1,11.300000000000002
1986,2,11.300000000000002
1986,3,11.4
1986,4,11.300000000000002
1987,1,11.166666666666666
1987,2,10.866666666666665
1987,3,10.4
1987,4,9.866666666666665
1988,1,9.366666666666665
1988,2,8.866666666666665
1988,3,8.5
1988,4,8.166666666666666
1989,1,7.733333333333334
1989,2,7.3
1989,3,7.133333333333333
1989,4,7.033333333333334
1990,1,6.933333333333334
1990,2,6.900000000000001
1990,3,7.0
1990,4,7.333333333333333
1991,1,7.8
1991,2,8.466666666666667
1991,3,9.0
1991,4,9.4
1992,1,9.6
1992,2,9.806000000000001
1992,3,9.920666666666667
1992,4,10.226999999999999
1993,1,10.616
1993,2,10.472999999999999
1993,3,10.31
1993,4,10.244333333333335
1994,1,10.094666666666667
1994,2,9.755999999999998
1994,3,9.495333333333333
1994,4,9.100333333333333
1995,1,8.877
1995,2,8.754
1995,3,8.647
1995,4,8.488999999999999
1996,1,8.31
1996,2,8.276666666666666
1996,3,8.098333333333334
1996,4,7.9496666666666655
1997,1,7.4943333333333335
1997,2,7.19
1997,3,7.072666666666667
1997,4,6.617999999999999
1998,1,6.381
1998,2,6.288333333333333
1998,3,6.2843333333333335
1998,4,6.172666666666667
1999,1,6.207000000000001
1999,2,6.102666666666667
1999,3,5.921666666666667
1999,4,5.829999999999999
2000,1,5.823333333333333
2000,2,5.611666666666667
2000,3,5.303
2000,4,5.308333333333334
2001,1,5.152333333333333
2001,2,4.984
2001,3,5.072333333333334
2001,4,5.126333333333333
2002,1,5.167000000000001
2002,2,5.194
2002,3,5.2379999999999995
2002,4,5.173000000000001
2003,1,5.101
2003,2,5.020333333333333
2003,3,5.0569999999999995
2003,4,4.918666666666667
2004,1,4.812
2004,2,4.804333333333333
2004,3,4.715333333333334
2004,4,4.692666666666667
2005,1,4.733333333333333
2005,2,4.7363333333333335
2005,3,4.705666666666667
2005,4,5.044333333333333
2006,1,5.167333333333334
2006,2,5.4013333333333335
2006,3,5.485666666666667
2006,4,5.465666666666667
2007,1,5.518
2007,2,5.403666666666666
2007,3,5.306
2007,4,5.211666666666667
2008,1,5.1803333333333335
2008,2,5.281
2008,3,5.684
2008,4,6.161333333333334
2009,1,6.775666666666666
2009,2,7.542666666666666
2009,3,7.861666666666667
2009,4,7.807333333333333
2010,1,7.886333333333333
2010,2,7.909
2010,3,7.785666666666667
2010,4,7.877
2011,1,7.829999999999999
2011,2,7.826333333333334
2011,3,8.175666666666666
2011,4,8.411
2012,1,8.283666666666667
2012,2,8.081999999999999
2012,3,7.929333333333333
2012,4,7.828666666666667
2013,1,7.881
2013,2,7.766000000000001
2013,3,7.662333333333333
2013,4,7.253333333333333
2014,1,6.935333333333333
2014,2,6.435
2014,3,6.047666666666667
2014,4,5.841666666666666
2015,1,5.591333333333334
2015,2,5.576666666666667
2015,3,5.41
2015,4,5.1113333333333335
2016,1,5.084333333333333
2016,2,4.955666666666667
2016,3,4.905333333333334
2016,4,4.788333333333333
2017,1,4.636666666666667
2017,2,4.47
2017,3,4.311
2017,4,4.289000000000001
2018,1,4.239
2018,2,4.130333333333333
2018,3,4.043
2018,4,4.036
2019,1,3.897
2019,2,3.8396666666666666
2019,3,3.831
2019,4,3.7816666666666663
2020,1,3.927
2020,2,3.9095
